vn 0,000000 -0,061068 -0,998134
vn 0,125909 -0,763851 -0,632991
vn 0,381967 -0,061068 -0,922156
vn 0,221042 -0,917443 -0,330814
vn 0,705787 -0,061068 -0,705787
vn 0,536624 -0,763851 -0,358560
vn 0,922156 -0,061068 -0,381967
vn 0,274642 -0,959993 -0,054629
vn 0,998134 -0,061068 0,000000
vn 0,632991 -0,763851 0,125909
vn 0,922156 -0,061068 0,381967
vn 0,330814 -0,917443 0,221042
vn 0,705787 -0,061068 0,705787
vn 0,358561 -0,763851 0,536624
vn 0,381967 -0,061068 0,922156
vn 0,047434 -0,969991 0,238467
vn 0,000000 -0,061068 0,998134
vn -0,125909 -0,763851 0,632991
vn -0,381967 -0,061068 0,922156
vn -0,221042 -0,917443 0,330814
vn -0,705787 -0,061068 0,705787
vn -0,536624 -0,763851 0,358560
vn -0,922156 -0,061068 0,381967
vn -0,274642 -0,959993 0,054629
vn -0,998134 -0,061068 0,000000
vn -0,632991 -0,763851 -0,125909
vn -0,922156 -0,061068 -0,381967
vn -0,330814 -0,917443 -0,221042
vn -0,705787 -0,061068 -0,705787
vn -0,358561 -0,763851 -0,536624
vn -0,381967 -0,061068 -0,922156
vn -0,047434 -0,969992 -0,238467
vn -0,000000 1,000000 -0,000000
